DateTime,Entries,UniqueIPs
1524201352,40,40
1524287686,62,62
1524374231,51,51
1524460234,46,46
1524546762,64,64
1524633335,64,64
1524720027,57,57
1524806250,56,56
1524892392,65,65
1524979090,35,35
1525065198,30,30
1525151814,55,55
1525238006,65,65
1525324653,51,51
1525411062,35,35
1525497204,62,62
1525584012,43,43
1525669981,32,32
1525756622,53,53
1525842801,40,40
1525929435,71,71
1526015572,54,54
1526101886,40,40
1526188598,33,33
1526275326,40,40
1526361424,42,42
1526447914,55,55
1526534026,64,64
1526966084,89,89
1527052395,73,73
1527138791,78,78
1527225065,94,94
1527291368,94,94
1527293570,94,94
1527295618,94,94
1527299624,94,94
1527300926,94,94
1527302283,94,94
1527303238,94,94
1527304651,94,94
1527305677,0,0
1527306927,0,0
1527311259,94,94
1527312726,81,81
1527314179,81,81
1527315478,81,81
1527316691,81,81
1527317576,81,81
1527318603,81,81
1527319696,81,81
1527320974,81,81
1527321965,81,81
1527322917,81,81
1527324177,81,81
1527325330,81,81
1527326538,81,81
1527327552,0,0
1527328941,0,0
1527330182,0,0
1527331063,0,0
1527332297,81,81
1527333560,81,81
1527334616,81,81
1527335904,0,0
1527336907,81,81
1527338235,81,81
1527339175,81,81
1527340401,81,81
1527341669,81,81
1527342568,81,81
1527343558,81,81
1527344860,81,81
1527346525,81,81
1527347878,81,81
1527350732,81,81
1527352754,81,81
1527354297,81,81
1527355520,81,81
1527356903,81,81
1527358198,81,81
1527359838,81,81
1527361568,81,81
1527362805,81,81
1527364324,81,81
1527365460,81,81
1527366779,0,0
1527368267,0,0
1527369520,81,81
1527371148,81,81
1527372668,81,81
1527373980,0,0
1527375554,81,81
1527377277,81,81
1527379879,81,81
1527381340,81,81
1527382718,81,81
1527383958,81,81
1527385538,81,81
1527386934,81,81
1527388161,81,81
1527389645,81,81
1527390857,0,0
1527391963,0,0
1527392966,81,81
1527393939,81,81
1527395173,81,81
1527396104,81,81
1527397026,81,81
1527398062,19,19
1527398991,19,19
1527400206,19,19
1527485304,60,60
1527571008,80,80
1527657154,100,100
1527743560,94,94
1527829971,72,72
1527914432,72,72
1527916483,94,94
1527918696,94,94
1527921155,94,94
1527923349,94,94
1527924859,94,94
1527926046,94,94
1527929789,94,94
1527933091,94,94
1527934294,94,94
1527935233,94,94
1527936878,94,94
1527937889,94,94
1527939048,94,94
1527940251,94,94
1527941475,94,94
1527942663,94,94
1527943809,94,94
1527944985,94,94
1527946037,94,94
1527947231,94,94
1527948144,94,94
1527949088,94,94
1527950183,94,94
1527951409,94,94
1527952482,94,94
1527953740,94,94
1527955061,94,94
1527956426,0,0
1527957588,0,0
1527958713,0,0
1527959794,94,94
1527961214,94,94
1527962373,94,94
1527963582,94,94
1527964793,94,94
1527965985,94,94
1527967240,94,94
1527968437,94,94
1527969581,94,94
1527970761,94,94
1527971780,94,94
1527973862,94,94
1527974881,94,94
1527976202,94,94
1527977306,94,94
1527978640,94,94
1527979856,94,94
1527982010,0,0
1527983004,94,94
1527984254,94,94
1527985457,94,94
1527986660,94,94
1527987803,94,94
1527988990,0,0
1527990213,0,0
1527991417,94,94
1527992592,94,94
1527993839,94,94
1527995080,94,94
1527996239,94,94
1527997486,94,94
1527998633,94,94
1527999888,94,94
1528001101,94,94
1528003407,95,95
1528004880,95,95
1528089159,52,52
1528175570,79,79
1528261989,108,108
1528311732,108,108
1528320520,108,108
1528324437,108,108
1528326798,108,108
1528331851,108,108
1528348383,107,107
1528434821,66,66
1528521183,70,70
1528607597,100,100
1528693968,63,63
1528780358,71,71
1528866751,86,86
1528953214,93,93
1529039575,60,60
1529125952,93,93
1529212621,56,56
1529298771,54,54
1529385149,44,44
1529471546,56,56
1529558216,86,86
1529644360,73,73
1529730651,77,77
1529817165,65,65
1529903805,38,38
1529989962,46,46
1530076380,94,94
1530162765,107,107
1530249179,65,65
1530335587,69,69
1530421979,59,59
1530508372,60,60
1530594794,51,51
1530681175,99,99
1530767568,77,77
1530853992,49,49
1530940658,72,72
1531199589,73,73
1531977487,108,108
1532063650,87,87
1532150252,64,64
1532236632,47,47
1532322812,68,68
1532409160,50,50
1532495803,57,57
1532581981,89,89
1532668359,52,52
1532754632,72,72
1532841168,68,68
1532927565,76,76
1533014012,68,68
1533100369,74,74
1533187085,116,116
1533273159,73,73
1533359631,108,108
1533446226,67,67
1533532352,54,54
1533618783,53,53
1533792286,123,123
1533877986,72,72
1533964382,75,75
1534051044,51,51
1534137204,56,56
1534223555,88,88
1534309975,88,88
1534396394,133,133
1534482798,55,55
1534569393,97,97
1534917111,127,127
1535001189,78,78
1535087593,37,37
1535260384,81,81
1535346789,51,51
1535433281,91,91
1535519585,66,66
1535605997,85,85
1535692619,116,116
1535778793,73,73
1535865433,76,76
1535951812,69,69
1536038002,108,108
1536124241,79,79
1536210766,85,85
1536297182,71,71
1536383554,110,110
1536470242,70,70
1536556416,46,46
1536642811,102,102
1536729413,90,90
1536815817,81,81
1536901959,65,65
1537074751,86,86
1537247825,114,114
1537593141,56,56
1537852382,169,169
1537938750,111,111
1538025414,99,99
1538111565,66,66
1538197999,114,114
1538284600,35,35
1538371020,91,91
1538457180,112,112
1538543598,95,95
1538630235,98,98
1538716390,63,63
1538803026,72,72
1538889171,62,62
1538975830,84,84
1539062209,76,76
1539148617,115,115
1539234763,56,56
1539321404,58,58
1539407565,68,68
1539494220,63,63
1539580363,37,37
1539666780,103,103
1539753169,75,75
1539839593,59,59
1539925993,55,55
1540012358,90,90
1540098786,45,45
1540185422,38,38
1540271827,85,85
1540358548,52,52
1540444360,57,57
1540530782,70,70
1540617426,56,56
1540703586,44,44
1540789997,30,30
1540876371,87,87
1540963035,54,54
1541310759,92,92
1541394760,42,42
1541481171,93,93
1541567823,85,85
1541653960,58,58
1541740394,57,57
1541826782,79,79
1541913175,50,50
1541999809,48,48
1542085993,68,68
1542172618,49,49
1542259011,93,93
1542345160,53,53
1542431570,53,53
1542517945,72,72
1542604381,41,41
1542691021,75,75
1542777184,115,115
1542863548,82,82
1542949966,67,67
1543036612,92,92
1543123020,61,61
1543209198,77,77
1543295826,136,136
1543382001,113,113
1543468417,100,100
1543555013,120,120
1543641414,122,122
1543727581,95,95
1543814266,89,89
1543900633,107,107
1543987024,139,139
1544073425,151,151
1544159576,163,163
1544245996,190,190
1544332609,181,181
1544419032,117,117
1544505188,154,154
1544591601,153,153
1544677970,160,160
1544764370,153,153
1544850787,130,130
1544937186,129,129
1545023584,153,153
1545110238,153,153
1545196375,166,166
1545283026,177,177
1545369426,137,137
1545455560,166,166
1545541956,184,184
1545628347,143,143
1545714787,168,168
1545801434,182,182
1545887557,161,161
1545973965,150,150
1546060449,192,192
1546147061,173,173
1546233582,122,122
1546319604,166,166
1546405957,151,151
1546492351,161,161
1546579016,164,164
1546665183,170,170
1546751565,153,153
1546837955,129,129
1546924381,149,149
1547010785,167,167
1547097158,161,161
1547183586,156,156
1547269969,152,152
1547356397,190,190
1547443070,117,117
1547529159,119,119
1547615559,125,125
1547701977,161,161
1547788384,121,121
1547874764,137,137
1547961151,115,115
1548047562,125,125
1548133991,149,149
1548220360,136,136
1548306765,182,182
1548393161,115,115
1548479572,148,148
1548565978,160,160
1548652346,96,96
1548738749,149,149
1548825200,180,180
1548911576,157,157
1548997957,155,155
1549084617,165,165
1549170759,184,184
1549257172,132,132
1549343583,174,174
1549429827,205,205
1549516376,162,162
1549602765,140,140
1549689155,178,178
1549862724,120,120
1549948346,209,209
1550034754,157,157
1550121154,128,128
1550207570,150,150
1550293985,160,160
1550380356,128,128
1550466769,128,128
1550553149,159,159
1550639593,156,156
1550725988,151,151
1550812376,152,152
1550899052,151,151
1550985179,158,158
1551071580,124,124
1551157971,137,137
1551244370,183,183
1551330761,265,265
1551417169,139,139
1551503575,186,186
1551590226,155,155
1551676381,108,108
1551762756,165,165
1551849167,155,155
1551935560,135,135
1552021959,177,177
1552108361,128,128
1552194753,147,147
1552281156,123,123
1552453952,165,165
1552540411,167,167
1552626757,149,149
1552972353,118,118
1553058769,222,222
1553145171,156,156
1553231564,164,164
1553317970,190,190
1553404373,173,173
1553491033,139,139
1553577159,173,173
1553663580,158,158
1553749965,179,179
1553836600,163,163
1553922770,157,157
1554009180,153,153
1554095811,121,121
1554182003,174,174
1554312088,171,171
1554354779,196,196
1554441162,152,152
1554527576,201,201
1554613968,176,176
1554700278,163,163
1554787006,174,174
1554873158,221,221
1554959569,213,213
1555046025,159,159
1555132367,158,158
1555218773,175,175
1555305167,147,147
1555391555,192,192
1555650762,222,222
1555780852,173,173
1556082786,217,217
1556169159,187,187
1556255559,173,173
1556341950,198,198
1556428360,159,159
1556514776,173,173
1556601155,181,181
1556687588,199,199
1556773972,198,198
1556860362,168,168
1556947003,193,193
1557033200,174,174
1557119557,146,146
1557205971,137,137
1557292365,211,211
1557378754,224,224
1557465162,181,181
1557551635,191,191
1557637969,188,188
1557724406,130,130
1557810753,193,193
1557897157,291,291
152792741527928537,94,94
